0.01 [0.25, 0.25, 0.25, 0.25, 0.25, 0.25, 0.25, 0.25, 0.25, 0.25, 0.25, 0.25, 0.25, 0.25, 0.25, 0.25, 0.25, 0.25, 0.25, 0.25, 0.25, 0.25, 0.25, 0.25, 0.25, 0.25, 0.25, 0.25, 0.25, 0.25, 0.25, 0.25, 0.25, 0.25, 0.25, 0.25, 0.25, 0.25, 0.25, 0.25, 0.25, 0.25, 0.25, 0.25, 0.25, 0.25, 0.25, 0.25, 0.25, 0.25]
0.001 [0.4375, 0.4375, 0.4375, 0.4375, 0.4375, 0.4375, 0.4375, 0.4375, 0.4375, 0.4375, 0.4375, 0.4375, 0.4375, 0.4375, 0.4375, 0.4375, 0.4375, 0.4375, 0.4375, 0.4375, 0.4375, 0.4375, 0.4375, 0.4375, 0.4375, 0.4375, 0.4375, 0.4375, 0.4375, 0.4375, 0.4375, 0.4375, 0.4375, 0.4375, 0.4375, 0.4375, 0.4375, 0.4375, 0.4375, 0.4375, 0.4375, 0.4375, 0.4375, 0.4375, 0.4375, 0.4375, 0.4375, 0.4375, 0.4375, 0.4375]
0.00010000000000000002 [0.625, 0.625, 0.625, 0.625, 0.625, 0.625, 0.625, 0.625, 0.625, 0.625, 0.625, 0.625, 0.625, 0.625, 0.625, 0.625, 0.625, 0.625, 0.625, 0.625, 0.625, 0.625, 0.625, 0.625, 0.625, 0.625, 0.625, 0.625, 0.625, 0.625, 0.625, 0.625, 0.625, 0.625, 0.625, 0.625, 0.625, 0.625, 0.625, 0.625, 0.625, 0.625, 0.625, 0.625, 0.625, 0.625, 0.625, 0.625, 0.625, 0.625]
1.0000000000000003e-05 [0.5625, 0.5625, 0.5625, 0.5625, 0.5625, 0.5625, 0.5625, 0.5625, 0.5625, 0.5625, 0.5625, 0.5625, 0.5625, 0.5625, 0.5625, 0.5625, 0.5625, 0.5625, 0.5625, 0.5625, 0.5625, 0.5625, 0.5625, 0.5625, 0.5625, 0.5625, 0.5625, 0.5625, 0.5625, 0.5625, 0.5625, 0.5625, 0.5625, 0.5625, 0.5625, 0.5625, 0.5625, 0.5625, 0.5625, 0.5625, 0.5625, 0.5625, 0.5625, 0.5625, 0.5625, 0.5625, 0.5625, 0.5625, 0.5625, 0.5625]
1.0000000000000002e-06 [0.75, 0.75, 0.75, 0.75, 0.75, 0.75, 0.75, 0.75, 0.75, 0.75, 0.75, 0.75, 0.75, 0.75, 0.75, 0.75, 0.75, 0.75, 0.75, 0.75, 0.75, 0.75, 0.75, 0.75, 0.75, 0.75, 0.75, 0.75, 0.75, 0.75, 0.75, 0.75, 0.75, 0.75, 0.75, 0.75, 0.75, 0.75, 0.75, 0.75, 0.75, 0.75, 0.75, 0.75, 0.75, 0.75, 0.75, 0.75, 0.75, 0.75]
1.0000000000000002e-07 [0.625, 0.375, 0.375, 0.375, 0.375, 0.375, 0.375, 0.375, 0.375, 0.375, 0.375, 0.375, 0.375, 0.375, 0.375, 0.375, 0.375, 0.375, 0.375, 0.375, 0.375, 0.375, 0.375, 0.375, 0.375, 0.375, 0.375, 0.375, 0.375, 0.375, 0.375, 0.375, 0.375, 0.375, 0.375, 0.375, 0.375, 0.375, 0.375, 0.375, 0.375, 0.375, 0.375, 0.375, 0.375, 0.375, 0.375, 0.375, 0.375, 0.375]
1.0000000000000004e-08 [0.5625, 0.5625, 0.5625, 0.5625, 0.5625, 0.5625, 0.5625, 0.5625, 0.5625, 0.5625, 0.5625, 0.5625, 0.5625, 0.5625, 0.5625, 0.5625, 0.5625, 0.5625, 0.5625, 0.5625, 0.5625, 0.5625, 0.5625, 0.5625, 0.5625, 0.5625, 0.5625, 0.5625, 0.5625, 0.5625, 0.5625, 0.5625, 0.5625, 0.5625, 0.5625, 0.5625, 0.5625, 0.5625, 0.5625, 0.5625, 0.5625, 0.5625, 0.5625, 0.5625, 0.5625, 0.5625, 0.5625, 0.5625, 0.5625, 0.5625]
1.0000000000000005e-09 [0.5, 0.5, 0.5, 0.5, 0.5, 0.5, 0.5, 0.5, 0.5, 0.5, 0.5, 0.5, 0.5, 0.5, 0.5, 0.5, 0.5, 0.5, 0.5, 0.5, 0.5, 0.5, 0.5, 0.5, 0.5, 0.5, 0.5, 0.5, 0.5, 0.5, 0.5, 0.5, 0.5, 0.5, 0.5, 0.5, 0.5, 0.5, 0.5, 0.5, 0.5, 0.5, 0.5, 0.5, 0.5, 0.5, 0.5, 0.5, 0.5, 0.5]
1.0000000000000006e-10 [0.6875, 0.6875, 0.6875, 0.6875, 0.6875, 0.6875, 0.6875, 0.6875, 0.6875, 0.6875, 0.6875, 0.6875, 0.6875, 0.6875, 0.6875, 0.6875, 0.6875, 0.6875, 0.6875, 0.6875, 0.6875, 0.6875, 0.6875, 0.6875, 0.6875, 0.6875, 0.6875, 0.6875, 0.6875, 0.6875, 0.6875, 0.6875, 0.6875, 0.6875, 0.6875, 0.6875, 0.6875, 0.6875, 0.6875, 0.6875, 0.6875, 0.6875, 0.6875, 0.6875, 0.6875, 0.6875, 0.6875, 0.6875, 0.6875, 0.6875]
1.0000000000000004e-11 [0.625, 0.625, 0.375, 0.375, 0.375, 0.375, 0.375, 0.375, 0.375, 0.375, 0.375, 0.375, 0.375, 0.375, 0.375, 0.375, 0.375, 0.375, 0.375, 0.375, 0.375, 0.375, 0.375, 0.375, 0.375, 0.375, 0.375, 0.375, 0.375, 0.375, 0.375, 0.375, 0.375, 0.375, 0.375, 0.375, 0.375, 0.375, 0.375, 0.375, 0.375, 0.375, 0.375, 0.375, 0.375, 0.375, 0.375, 0.375, 0.375, 0.375]
1.0000000000000006e-12 [0.5625, 0.5625, 0.5625, 0.5625, 0.5625, 0.5625, 0.5625, 0.5625, 0.5625, 0.5625, 0.5625, 0.5625, 0.5625, 0.5625, 0.5625, 0.5625, 0.5625, 0.5625, 0.5625, 0.5625, 0.5625, 0.5625, 0.5625, 0.5625, 0.5625, 0.5625, 0.5625, 0.5625, 0.5625, 0.5625, 0.5625, 0.5625, 0.5625, 0.5625, 0.5625, 0.5625, 0.5625, 0.5625, 0.5625, 0.5625, 0.5625, 0.5625, 0.5625, 0.5625, 0.5625, 0.5625, 0.5625, 0.5625, 0.5625, 0.5625]
1.0000000000000007e-13 [0.3125, 0.3125, 0.3125, 0.3125, 0.3125, 0.3125, 0.3125, 0.3125, 0.3125, 0.3125, 0.3125, 0.3125, 0.3125, 0.3125, 0.3125, 0.3125, 0.3125, 0.3125, 0.3125, 0.3125, 0.3125, 0.3125, 0.3125, 0.3125, 0.3125, 0.3125, 0.3125, 0.3125, 0.3125, 0.3125, 0.3125, 0.3125, 0.3125, 0.3125, 0.3125, 0.3125, 0.3125, 0.3125, 0.3125, 0.3125, 0.3125, 0.3125, 0.3125, 0.3125, 0.3125, 0.3125, 0.3125, 0.3125, 0.3125, 0.3125]
0.01 0.5625
0.001 0.5625
0.00010000000000000002 0.6875
1.0000000000000003e-05 0.625
1.0000000000000002e-06 0.625
1.0000000000000002e-07 0.5625
1.0000000000000004e-08 0.6875
1.0000000000000005e-09 0.25
1.0000000000000006e-10 0.5625
1.0000000000000004e-11 0.4375
1.0000000000000006e-12 0.5625
1.0000000000000007e-13 0.4375
1.0000000000000006e-14 0.625
1.0000000000000007e-15 0.1875
1.0000000000000008e-16 0.625
1.0000000000000008e-17 0.5625
1.0000000000000008e-18 0.5
1.000000000000001e-19 0.625
1.000000000000001e-20 0.4375
1.000000000000001e-21 0.5625
