1000 0.4406779706478119
1000 0.33898305892944336
2000 0.4406779706478119
1000 0.5254237055778503
2000 0.4406779706478119
3000 0.5254237055778503
4000 0.5762711763381958
5000 0.4576271176338196
1000 0.35593220591545105
2000 0.5932203531265259
3000 0.5423728823661804
4000 0.508474588394165
5000 0.5593220591545105
6000 0.5423728823661804
7000 0.5423728823661804
8000 0.508474588394165
9000 0.508474588394165
10000 0.508474588394165
11000 0.38983049988746643
12000 0.5762711763381958
13000 0.5423728823661804
14000 0.508474588394165
15000 0.5254237055778503
16000 0.37288135290145874
17000 0.508474588394165
18000 0.37288135290145874
19000 0.508474588394165
20000 0.4576271176338196
21000 0.5423728823661804
22000 0.508474588394165
23000 0.508474588394165
24000 0.5254237055778503
25000 0.5593220591545105
26000 0.4237288236618042
27000 0.5254237055778503
28000 0.5423728823661804
29000 0.5254237055778503
30000 0.6101694703102112
31000 0.5593220591545105
32000 0.508474588394165
33000 0.5254237055778503
34000 0.5254237055778503
35000 0.508474588394165
36000 0.5423728823661804
37000 0.5254237055778503
38000 0.5254237055778503
